375
353
334
326
319
315
310
307
306
304
302
301
300
300
299
303
306
306
680
678
677
678
679
679
678
678
678
678
680
680
678
678
678
678
678
679
678
679
678
679
678
679
678
678
679
678
679
679
679
678
678
678
678
679
679
678
679
678
679
679
679
679
679
679
679
678
679
678
678
679
678
678
680
679
679
679
679
678
678
678
678
678
679
679
678
678
678
679
678
678
679
678
678
678
679
679
679
679
678
679
678
674
671
669
674
679
678
679
680
679
678
678
679
678
678
678
678
679
679
679
679
678
678
679
679
